100100000000010
1111000000100101
1110000000010000
1111000000100010
1110000010111101
1111000000100010
100100100100101
10011000001010
110100001000000
1011011000100
10000000110
100100100111110
1111111111111111111111111111111111111111111111111111111111111111
101111110111
100100110010000
111111110101
1111000000100101
1111111110001111
1010100
1101000
1101001
1110011
100000
1110000
1110010
1101111
1100111
1110010
1100001
1101101
100000
1100011
1101000
1100101
1100011
1101011
1110011
100000
1110111
1101000
1100101
1110100
1101000
1100101
1110010
100000
1100001
100000
1101110
1110101
1101101
1100010
1100101
1110010
100000
1101001
1110011
100000
1110000
1110010
1101001
1101101
1100101
100000
1110101
1110011
1101001
1101110
1100111
100000
1110100
1101000
1100101
100000
1110011
1101001
1100101
1110110
1100101
100000
1101111
1100110
100000
1000101
1110010
1100001
1110100
1101111
1110011
1110100
1101000
1100101
1101110
1100101
1110011
101110
100000
100000
1010000
1101100
1100101
1100001
1110011
1100101
100000
1100101
1101110
1110100
1100101
1110010
100000
1101111
1101110
1101100
1111001
100000
1101110
1101111
1101110
101101
1101110
1100101
1100111
1100001
1110100
1101001
1110110
1100101
100000
1101001
1101110
1110100
1100101
1100111
1100101
1110010
100000
1101110
1110101
1101101
1100010
1100101
1110010
1110011
100000
1101100
1100101
1110011
1110011
100000
1110100
1101000
1100001
1101110
100000
110011
110010
110111
110110
111000
101110
100000
1000101
1101110
1110100
1100101
1110010
100000
1110001
100000
1110100
1101111
100000
1100101
1111000
1101001
1110100
100000
1110100
1101000
1100101
100000
1110000
1110010
1101111
1100111
1110010
1100001
1101101
101110
1101
1010
0
1010000
1101100
1100101
1100001
1110011
1100101
100000
1100101
1101110
1110100
1100101
1110010
100000
1100001
1101110
100000
1101001
1101110
1110100
1100101
1100111
1100101
1110010
100000
1101110
1110101
1101101
1100010
1100101
1110010
100000
1101100
1100101
1110011
1110011
100000
1110100
1101000
1100001
1101110
100000
110011
110010
110111
110110
110110
100000
1110100
1101000
1100001
1110100
100000
1111001
1101111
1110101
100000
1110111
1101111
1110101
1101100
1100100
100000
1101100
1101001
1101011
1100101
100000
1110100
1101111
100000
1100011
1101000
1100101
1100011
1101011
100000
1100110
1101111
1101100
1101100
1101111
1110111
1100101
1100100
100000
1100010
1111001
100000
1110100
1101000
1100101
100000
1100101
1101110
1110100
1100101
1110010
100000
1101011
1100101
1111001
111010
100000
1101
1010
0
101001001100000
10010000010101
10110000010101
1110011000010110
11111000010100
1111000000100000
1111000000100001
1101000000010
10000001001
1101000000110
10000000111
1100011000001
111000100000000
1001001100001
1111111111111111111111111111111111111111111111111111111111111011
10000000010
111111110101
1110001000001000
101010010100000
1010010000100
10111000000100
1100000111000000
1111111111110011
1111111111110110
0
0
0
0
0
0
11111111111010
11010000011001
110011010000000
10100000010110
1011011000100
100000001010
1111111111111111111111111111111111111111111111111111111111110110
11000001000
111011010000000
1001100010111111
1100100100001
1100100000001
10000001000
1111111111111111111111111111111111111111111111111111111111111111
111111110100
1110000000001100
101011011100000
1111000000100010
10111111101000
1100000111000000
101011011100000
1011011100001
10111111100100
10010000000011
1100000111000000
1111111111111111111111111111111111111111111111111111111111010000
0
1001110
1101111
1101110
101101
1100100
1101001
1100111
1101001
1110100
100000
1100011
1101000
1100001
1110010
1100001
1100011
1110100
1100101
1110010
100000
1100101
1101110
1100011
1101111
1110101
1101110
1110100
1100101
1110010
1100101
1100100
100000
1100100
1101001
1100111
1101001
1110100
1110011
100000
110000
101101
111001
100000
1101111
1101110
1101100
1111001
100000
1110000
1101100
1100101
1100001
1110011
1100101
101110
1101
1010
0
11111000000101
100100000000101
100100001010110
10111000000010
1100000111000000
0
11111000100101
11010000100001
11001000100001
10010000011110
101001001100000
1001001101010
100100000110000
1001011100000
10010000011010
110010010000000
100100000011100
10001000011001
1001001000011
11001000010111
10010000010100
1001010010111111
1010010100001
10001000010010
1001010000001
10000001000
10010000001110
1111111111111111111111111111111111111111111111111111111111111111
11010000001100
10010000001010
1010010100001
11010000001000
111111101001
10111000001010
10001000001000
101010010100000
11010000000011
11010000000101
1100000111000000
0
0
0
0
0
11111000001111
101011011100000
1010010100000
10000001001
1001001100000
10000000111
1011011000010
1111111111111111111111111111111111111111111111111111111111111111
110000000010
101111111101
10111000000101
1100000111000000
10111000000011
101011011100000
1100000111000000
0
11111000011011
11001000010111
11010000010111
101011011100000
1010010100000
10000001010
10010000010100
100111111101001
11011000010010
10010000010000
10001000001110
1111111111111111111111111111111111111111111111111111111111111111
10000000111
11010000001100
101111111000
10111000001100
101011011100000
1011011100001
1100000111000000
10111000001000
101001001100000
1001001100001
11001000000100
1100000111000000
0
0
1
0
11111000001000
11001000000110
100100000000111
10001000000100
100100000010100
10111000000011
1100000111000000
0
0
11111000001110
1110001010001011
10011010001000
1011011000001
1001011011111111
1011011100001
101010010100000
111010001000000
1100001000011
10000000011
1001001100001
101111111100
10111000000010
1100000111000000
0
11111000110111
1001001001111111
1001001100001
11001001111001
101001001100000
11001001110101
1111111111111111111111111111111111111111111111111111111111111111
11001001110010
10011001110001
1011011100001
11011001101111
1011011100010
10010001110000
1010010000011
1000100001
10011001101010
1011011100010
10010001100111
1011011000010
11000011100
1110001001101001
10011001100100
1001001000011
110010001000000
1010010100000
101111101111
10001001011111
11001001011111
10001001011101
1001001100010
10010001011100
1010010100010
100111110011100
10100001011011
1010011000100
10000010000
1111100100
1111111111111111111111111111111111111111111111111111111111111110
1110100001010111
1011011000100
101100100100000
1100100100001
111100011000000
10001001001111
1001001100001
11001001001101
111111101110
1110000000001001
1111000000100010
10111000000110
1100000111000000
1110000000100011
1111000000100010
10111000000010
1100000111000000
0
1101
1010
1010100
1101000
1100001
1110100
100000
1110111
1100001
1110011
100000
1100001
100000
1110000
1110010
1101001
1101101
1100101
100000
1101110
1110101
1101101
1100010
1100101
1110010
101110
100000
1101
1010
0
1101
1010
1010100
1101000
1100001
1110100
100000
1110111
1100001
1110011
100000
1100001
100000
1100011
1101111
1101101
1110000
1101111
1110011
1101001
1110100
1100101
100000
1101110
1110101
1101101
1100010
1100101
1110010
101110
100000
1101
1010
0
1111111111111111111111111111111111111111111111111111111101001011
1111111111111111111111111111111111111111111111111111111111111111
0
1000000000100000
0
0
